{
 "cells": [
  {
   "cell_type": "markdown",
   "metadata": {},
   "source": [
    "# Main Pairs Trading Project Notebook"
   ]
  },
  {
   "cell_type": "markdown",
   "metadata": {},
   "source": [
    "##### Pairs Trading Basic Strategy:\n",
    "- Find 2 assets that move similarly with eachother\n",
    "- Sell the 'overvalued' stock and buy the 'undervalued' stock using the Price Ratio (Stock A / Stock B). If the ratio changes significantly, then it is time to trade. 'Significance' can be measured with standard deviation."
   ]
  },
  {
   "cell_type": "markdown",
   "metadata": {},
   "source": [
    "### Imports"
   ]
  },
  {
   "cell_type": "code",
   "execution_count": 1,
   "metadata": {},
   "outputs": [],
   "source": [
    "# %pip install pandas_datareader\n",
    "# %pip install yfinance"
   ]
  },
  {
   "cell_type": "code",
   "execution_count": 104,
   "metadata": {},
   "outputs": [],
   "source": [
    "import pandas as pd\n",
    "import pandas_datareader as pdr\n",
    "from datetime import datetime\n",
    "import yfinance as yf\n",
    "\n",
    "import seaborn as sn\n",
    "from matplotlib.pyplot import figure\n",
    "\n",
    "import matplotlib.pyplot as plt\n",
    "\n",
    "import statsmodels.tsa.stattools as ts "
   ]
  },
  {
   "cell_type": "markdown",
   "metadata": {},
   "source": [
    "### Getting the Data\n",
    "- fetching historical data\n",
    "- creating correlation matrix\n",
    "- finding relevant pairs"
   ]
  },
  {
   "cell_type": "code",
   "execution_count": 133,
   "metadata": {},
   "outputs": [
    {
     "name": "stderr",
     "output_type": "stream",
     "text": [
      "[*********************100%***********************]  1 of 1 completed\n",
      "[*********************100%***********************]  1 of 1 completed"
     ]
    },
    {
     "name": "stderr",
     "output_type": "stream",
     "text": [
      "\n",
      "[*********************100%***********************]  1 of 1 completed\n",
      "[*********************100%***********************]  1 of 1 completed\n",
      "[*********************100%***********************]  1 of 1 completed\n",
      "[*********************100%***********************]  1 of 1 completed\n",
      "[*********************100%***********************]  1 of 1 completed\n",
      "[*********************100%***********************]  1 of 1 completed\n",
      "[*********************100%***********************]  1 of 1 completed\n",
      "[*********************100%***********************]  1 of 1 completed\n",
      "[*********************100%***********************]  1 of 1 completed\n",
      "[*********************100%***********************]  1 of 1 completed\n",
      "[*********************100%***********************]  1 of 1 completed\n",
      "[*********************100%***********************]  1 of 1 completed\n",
      "[*********************100%***********************]  1 of 1 completed\n",
      "[*********************100%***********************]  1 of 1 completed\n",
      "[*********************100%***********************]  1 of 1 completed\n",
      "[*********************100%***********************]  1 of 1 completed\n",
      "[*********************100%***********************]  1 of 1 completed\n",
      "[*********************100%***********************]  1 of 1 completed"
     ]
    },
    {
     "name": "stdout",
     "output_type": "stream",
     "text": [
      "(251, 20)\n"
     ]
    },
    {
     "name": "stderr",
     "output_type": "stream",
     "text": [
      "\n"
     ]
    },
    {
     "data": {
      "text/html": [
       "<div>\n",
       "<style scoped>\n",
       "    .dataframe tbody tr th:only-of-type {\n",
       "        vertical-align: middle;\n",
       "    }\n",
       "\n",
       "    .dataframe tbody tr th {\n",
       "        vertical-align: top;\n",
       "    }\n",
       "\n",
       "    .dataframe thead th {\n",
       "        text-align: right;\n",
       "    }\n",
       "</style>\n",
       "<table border=\"1\" class=\"dataframe\">\n",
       "  <thead>\n",
       "    <tr style=\"text-align: right;\">\n",
       "      <th></th>\n",
       "      <th>DPZ</th>\n",
       "      <th>AAPL</th>\n",
       "      <th>GOOG</th>\n",
       "      <th>AMD</th>\n",
       "      <th>GME</th>\n",
       "      <th>SPY</th>\n",
       "      <th>NFLX</th>\n",
       "      <th>BA</th>\n",
       "      <th>WMT</th>\n",
       "      <th>GS</th>\n",
       "      <th>XOM</th>\n",
       "      <th>NKE</th>\n",
       "      <th>BRK-B</th>\n",
       "      <th>MSFT</th>\n",
       "      <th>TSLA</th>\n",
       "      <th>NVDA</th>\n",
       "      <th>AVGO</th>\n",
       "      <th>ORCL</th>\n",
       "      <th>CRM</th>\n",
       "      <th>SAP</th>\n",
       "    </tr>\n",
       "    <tr>\n",
       "      <th>Date</th>\n",
       "      <th></th>\n",
       "      <th></th>\n",
       "      <th></th>\n",
       "      <th></th>\n",
       "      <th></th>\n",
       "      <th></th>\n",
       "      <th></th>\n",
       "      <th></th>\n",
       "      <th></th>\n",
       "      <th></th>\n",
       "      <th></th>\n",
       "      <th></th>\n",
       "      <th></th>\n",
       "      <th></th>\n",
       "      <th></th>\n",
       "      <th></th>\n",
       "      <th></th>\n",
       "      <th></th>\n",
       "      <th></th>\n",
       "      <th></th>\n",
       "    </tr>\n",
       "  </thead>\n",
       "  <tbody>\n",
       "    <tr>\n",
       "      <th>2024-12-23</th>\n",
       "      <td>426.540009</td>\n",
       "      <td>255.270004</td>\n",
       "      <td>195.990005</td>\n",
       "      <td>124.599998</td>\n",
       "      <td>30.900000</td>\n",
       "      <td>594.690002</td>\n",
       "      <td>911.450012</td>\n",
       "      <td>177.690002</td>\n",
       "      <td>90.349998</td>\n",
       "      <td>570.780029</td>\n",
       "      <td>106.300003</td>\n",
       "      <td>76.760002</td>\n",
       "      <td>454.350006</td>\n",
       "      <td>435.250000</td>\n",
       "      <td>430.600006</td>\n",
       "      <td>139.669998</td>\n",
       "      <td>232.350006</td>\n",
       "      <td>168.725281</td>\n",
       "      <td>342.899994</td>\n",
       "      <td>248.860001</td>\n",
       "    </tr>\n",
       "    <tr>\n",
       "      <th>2024-12-24</th>\n",
       "      <td>431.000000</td>\n",
       "      <td>258.200012</td>\n",
       "      <td>197.570007</td>\n",
       "      <td>126.290001</td>\n",
       "      <td>31.139999</td>\n",
       "      <td>601.299988</td>\n",
       "      <td>932.119995</td>\n",
       "      <td>179.339996</td>\n",
       "      <td>92.680000</td>\n",
       "      <td>582.789978</td>\n",
       "      <td>106.400002</td>\n",
       "      <td>76.790001</td>\n",
       "      <td>458.660004</td>\n",
       "      <td>439.329987</td>\n",
       "      <td>462.279999</td>\n",
       "      <td>140.220001</td>\n",
       "      <td>239.679993</td>\n",
       "      <td>170.989731</td>\n",
       "      <td>344.429993</td>\n",
       "      <td>253.639999</td>\n",
       "    </tr>\n",
       "    <tr>\n",
       "      <th>2024-12-26</th>\n",
       "      <td>432.619995</td>\n",
       "      <td>259.019989</td>\n",
       "      <td>197.100006</td>\n",
       "      <td>125.059998</td>\n",
       "      <td>32.990002</td>\n",
       "      <td>601.340027</td>\n",
       "      <td>924.140015</td>\n",
       "      <td>180.380005</td>\n",
       "      <td>92.790001</td>\n",
       "      <td>581.229980</td>\n",
       "      <td>106.489998</td>\n",
       "      <td>76.940002</td>\n",
       "      <td>459.079987</td>\n",
       "      <td>438.109985</td>\n",
       "      <td>454.130005</td>\n",
       "      <td>139.929993</td>\n",
       "      <td>245.360001</td>\n",
       "      <td>171.259048</td>\n",
       "      <td>341.720001</td>\n",
       "      <td>253.509995</td>\n",
       "    </tr>\n",
       "    <tr>\n",
       "      <th>2024-12-27</th>\n",
       "      <td>429.619995</td>\n",
       "      <td>255.589996</td>\n",
       "      <td>194.039993</td>\n",
       "      <td>125.190002</td>\n",
       "      <td>32.200001</td>\n",
       "      <td>595.010010</td>\n",
       "      <td>907.549988</td>\n",
       "      <td>180.720001</td>\n",
       "      <td>91.660004</td>\n",
       "      <td>576.179993</td>\n",
       "      <td>106.480003</td>\n",
       "      <td>76.419998</td>\n",
       "      <td>456.510010</td>\n",
       "      <td>430.529999</td>\n",
       "      <td>431.660004</td>\n",
       "      <td>137.009995</td>\n",
       "      <td>241.750000</td>\n",
       "      <td>168.545731</td>\n",
       "      <td>338.450012</td>\n",
       "      <td>250.149994</td>\n",
       "    </tr>\n",
       "    <tr>\n",
       "      <th>2024-12-30</th>\n",
       "      <td>420.720001</td>\n",
       "      <td>252.199997</td>\n",
       "      <td>192.690002</td>\n",
       "      <td>122.440002</td>\n",
       "      <td>32.009998</td>\n",
       "      <td>588.219971</td>\n",
       "      <td>900.429993</td>\n",
       "      <td>176.550003</td>\n",
       "      <td>90.570000</td>\n",
       "      <td>573.549988</td>\n",
       "      <td>105.760002</td>\n",
       "      <td>74.650002</td>\n",
       "      <td>452.160004</td>\n",
       "      <td>424.829987</td>\n",
       "      <td>417.410004</td>\n",
       "      <td>137.490005</td>\n",
       "      <td>235.580002</td>\n",
       "      <td>166.500763</td>\n",
       "      <td>335.739990</td>\n",
       "      <td>248.830002</td>\n",
       "    </tr>\n",
       "  </tbody>\n",
       "</table>\n",
       "</div>"
      ],
      "text/plain": [
       "                   DPZ        AAPL        GOOG         AMD        GME  \\\n",
       "Date                                                                    \n",
       "2024-12-23  426.540009  255.270004  195.990005  124.599998  30.900000   \n",
       "2024-12-24  431.000000  258.200012  197.570007  126.290001  31.139999   \n",
       "2024-12-26  432.619995  259.019989  197.100006  125.059998  32.990002   \n",
       "2024-12-27  429.619995  255.589996  194.039993  125.190002  32.200001   \n",
       "2024-12-30  420.720001  252.199997  192.690002  122.440002  32.009998   \n",
       "\n",
       "                   SPY        NFLX          BA        WMT          GS  \\\n",
       "Date                                                                    \n",
       "2024-12-23  594.690002  911.450012  177.690002  90.349998  570.780029   \n",
       "2024-12-24  601.299988  932.119995  179.339996  92.680000  582.789978   \n",
       "2024-12-26  601.340027  924.140015  180.380005  92.790001  581.229980   \n",
       "2024-12-27  595.010010  907.549988  180.720001  91.660004  576.179993   \n",
       "2024-12-30  588.219971  900.429993  176.550003  90.570000  573.549988   \n",
       "\n",
       "                   XOM        NKE       BRK-B        MSFT        TSLA  \\\n",
       "Date                                                                    \n",
       "2024-12-23  106.300003  76.760002  454.350006  435.250000  430.600006   \n",
       "2024-12-24  106.400002  76.790001  458.660004  439.329987  462.279999   \n",
       "2024-12-26  106.489998  76.940002  459.079987  438.109985  454.130005   \n",
       "2024-12-27  106.480003  76.419998  456.510010  430.529999  431.660004   \n",
       "2024-12-30  105.760002  74.650002  452.160004  424.829987  417.410004   \n",
       "\n",
       "                  NVDA        AVGO        ORCL         CRM         SAP  \n",
       "Date                                                                    \n",
       "2024-12-23  139.669998  232.350006  168.725281  342.899994  248.860001  \n",
       "2024-12-24  140.220001  239.679993  170.989731  344.429993  253.639999  \n",
       "2024-12-26  139.929993  245.360001  171.259048  341.720001  253.509995  \n",
       "2024-12-27  137.009995  241.750000  168.545731  338.450012  250.149994  \n",
       "2024-12-30  137.490005  235.580002  166.500763  335.739990  248.830002  "
      ]
     },
     "execution_count": 133,
     "metadata": {},
     "output_type": "execute_result"
    }
   ],
   "source": [
    "def get_historical_Data(tickers):\n",
    "    \"\"\"This function returns a pd DataFrame with the closing prices.\"\"\"\n",
    "    data = pd.DataFrame()\n",
    "    names = list()\n",
    "    for i in tickers:\n",
    "        # download function has the following columns: open, high, low, close, volume, dividends, stock splits\n",
    "        df = yf.download(i, start=\"2023-12-31\", end=\"2024-12-31\", interval='1d')\n",
    "        data = pd.concat([data, pd.DataFrame(df['Close'])], axis=1)\n",
    "        names.append(i)\n",
    "    data.columns = names\n",
    "    return data\n",
    "\n",
    "ticks = [\"DPZ\", \"AAPL\", \"GOOG\", \"AMD\", \"GME\", \"SPY\", \"NFLX\", \"BA\", \"WMT\",\"GS\",\"XOM\",\"NKE\",\"BRK-B\", \"MSFT\", \"TSLA\", \"NVDA\", \"AVGO\", \"ORCL\", \"CRM\", \"SAP\"] # Name of company\n",
    "historical_data = get_historical_Data(ticks)\n",
    "print(historical_data.shape)\n",
    "\n",
    "# Most Recent Data\n",
    "historical_data.tail()"
   ]
  },
  {
   "cell_type": "code",
   "execution_count": 134,
   "metadata": {},
   "outputs": [
    {
     "data": {
      "text/html": [
       "<div>\n",
       "<style scoped>\n",
       "    .dataframe tbody tr th:only-of-type {\n",
       "        vertical-align: middle;\n",
       "    }\n",
       "\n",
       "    .dataframe tbody tr th {\n",
       "        vertical-align: top;\n",
       "    }\n",
       "\n",
       "    .dataframe thead th {\n",
       "        text-align: right;\n",
       "    }\n",
       "</style>\n",
       "<table border=\"1\" class=\"dataframe\">\n",
       "  <thead>\n",
       "    <tr style=\"text-align: right;\">\n",
       "      <th></th>\n",
       "      <th>DPZ</th>\n",
       "      <th>AAPL</th>\n",
       "      <th>GOOG</th>\n",
       "      <th>AMD</th>\n",
       "      <th>GME</th>\n",
       "      <th>SPY</th>\n",
       "      <th>NFLX</th>\n",
       "      <th>BA</th>\n",
       "      <th>WMT</th>\n",
       "      <th>GS</th>\n",
       "      <th>XOM</th>\n",
       "      <th>NKE</th>\n",
       "      <th>BRK-B</th>\n",
       "      <th>MSFT</th>\n",
       "      <th>TSLA</th>\n",
       "      <th>NVDA</th>\n",
       "      <th>AVGO</th>\n",
       "      <th>ORCL</th>\n",
       "      <th>CRM</th>\n",
       "      <th>SAP</th>\n",
       "    </tr>\n",
       "  </thead>\n",
       "  <tbody>\n",
       "    <tr>\n",
       "      <th>DPZ</th>\n",
       "      <td>1.000000</td>\n",
       "      <td>-0.291115</td>\n",
       "      <td>0.377930</td>\n",
       "      <td>0.169055</td>\n",
       "      <td>0.119026</td>\n",
       "      <td>-0.068483</td>\n",
       "      <td>-0.024591</td>\n",
       "      <td>-0.044431</td>\n",
       "      <td>-0.184831</td>\n",
       "      <td>-0.077190</td>\n",
       "      <td>0.237387</td>\n",
       "      <td>0.116737</td>\n",
       "      <td>-0.232847</td>\n",
       "      <td>0.356036</td>\n",
       "      <td>-0.260484</td>\n",
       "      <td>0.079641</td>\n",
       "      <td>-0.085266</td>\n",
       "      <td>-0.189793</td>\n",
       "      <td>-0.116020</td>\n",
       "      <td>-0.182368</td>\n",
       "    </tr>\n",
       "    <tr>\n",
       "      <th>AAPL</th>\n",
       "      <td>-0.291115</td>\n",
       "      <td>1.000000</td>\n",
       "      <td>0.679749</td>\n",
       "      <td>-0.591108</td>\n",
       "      <td>0.735533</td>\n",
       "      <td>0.882970</td>\n",
       "      <td>0.798728</td>\n",
       "      <td>-0.563565</td>\n",
       "      <td>0.892731</td>\n",
       "      <td>0.873291</td>\n",
       "      <td>0.359241</td>\n",
       "      <td>-0.774469</td>\n",
       "      <td>0.783968</td>\n",
       "      <td>0.547637</td>\n",
       "      <td>0.768647</td>\n",
       "      <td>0.824730</td>\n",
       "      <td>0.864921</td>\n",
       "      <td>0.839583</td>\n",
       "      <td>0.211817</td>\n",
       "      <td>0.855886</td>\n",
       "    </tr>\n",
       "    <tr>\n",
       "      <th>GOOG</th>\n",
       "      <td>0.377930</td>\n",
       "      <td>0.679749</td>\n",
       "      <td>1.000000</td>\n",
       "      <td>-0.495827</td>\n",
       "      <td>0.735746</td>\n",
       "      <td>0.709923</td>\n",
       "      <td>0.666146</td>\n",
       "      <td>-0.500165</td>\n",
       "      <td>0.637136</td>\n",
       "      <td>0.723737</td>\n",
       "      <td>0.481589</td>\n",
       "      <td>-0.680566</td>\n",
       "      <td>0.483582</td>\n",
       "      <td>0.741178</td>\n",
       "      <td>0.550620</td>\n",
       "      <td>0.761208</td>\n",
       "      <td>0.742705</td>\n",
       "      <td>0.575334</td>\n",
       "      <td>0.106039</td>\n",
       "      <td>0.614327</td>\n",
       "    </tr>\n",
       "    <tr>\n",
       "      <th>AMD</th>\n",
       "      <td>0.169055</td>\n",
       "      <td>-0.591108</td>\n",
       "      <td>-0.495827</td>\n",
       "      <td>1.000000</td>\n",
       "      <td>-0.481440</td>\n",
       "      <td>-0.474852</td>\n",
       "      <td>-0.500737</td>\n",
       "      <td>0.367844</td>\n",
       "      <td>-0.582138</td>\n",
       "      <td>-0.652507</td>\n",
       "      <td>-0.275350</td>\n",
       "      <td>0.560848</td>\n",
       "      <td>-0.460762</td>\n",
       "      <td>-0.038120</td>\n",
       "      <td>-0.599796</td>\n",
       "      <td>-0.396099</td>\n",
       "      <td>-0.456845</td>\n",
       "      <td>-0.468669</td>\n",
       "      <td>-0.123944</td>\n",
       "      <td>-0.488007</td>\n",
       "    </tr>\n",
       "    <tr>\n",
       "      <th>GME</th>\n",
       "      <td>0.119026</td>\n",
       "      <td>0.735533</td>\n",
       "      <td>0.735746</td>\n",
       "      <td>-0.481440</td>\n",
       "      <td>1.000000</td>\n",
       "      <td>0.698166</td>\n",
       "      <td>0.658953</td>\n",
       "      <td>-0.394213</td>\n",
       "      <td>0.669250</td>\n",
       "      <td>0.734392</td>\n",
       "      <td>0.314198</td>\n",
       "      <td>-0.582133</td>\n",
       "      <td>0.546457</td>\n",
       "      <td>0.540764</td>\n",
       "      <td>0.579611</td>\n",
       "      <td>0.715163</td>\n",
       "      <td>0.659253</td>\n",
       "      <td>0.590696</td>\n",
       "      <td>0.096288</td>\n",
       "      <td>0.614070</td>\n",
       "    </tr>\n",
       "    <tr>\n",
       "      <th>SPY</th>\n",
       "      <td>-0.068483</td>\n",
       "      <td>0.882970</td>\n",
       "      <td>0.709923</td>\n",
       "      <td>-0.474852</td>\n",
       "      <td>0.698166</td>\n",
       "      <td>1.000000</td>\n",
       "      <td>0.936828</td>\n",
       "      <td>-0.787835</td>\n",
       "      <td>0.969089</td>\n",
       "      <td>0.952945</td>\n",
       "      <td>0.630050</td>\n",
       "      <td>-0.785285</td>\n",
       "      <td>0.918591</td>\n",
       "      <td>0.643283</td>\n",
       "      <td>0.733106</td>\n",
       "      <td>0.948897</td>\n",
       "      <td>0.887917</td>\n",
       "      <td>0.952865</td>\n",
       "      <td>0.421422</td>\n",
       "      <td>0.967889</td>\n",
       "    </tr>\n",
       "    <tr>\n",
       "      <th>NFLX</th>\n",
       "      <td>-0.024591</td>\n",
       "      <td>0.798728</td>\n",
       "      <td>0.666146</td>\n",
       "      <td>-0.500737</td>\n",
       "      <td>0.658953</td>\n",
       "      <td>0.936828</td>\n",
       "      <td>1.000000</td>\n",
       "      <td>-0.695357</td>\n",
       "      <td>0.948299</td>\n",
       "      <td>0.915005</td>\n",
       "      <td>0.488401</td>\n",
       "      <td>-0.665551</td>\n",
       "      <td>0.834168</td>\n",
       "      <td>0.594863</td>\n",
       "      <td>0.829274</td>\n",
       "      <td>0.852699</td>\n",
       "      <td>0.852665</td>\n",
       "      <td>0.897128</td>\n",
       "      <td>0.614908</td>\n",
       "      <td>0.928354</td>\n",
       "    </tr>\n",
       "    <tr>\n",
       "      <th>BA</th>\n",
       "      <td>-0.044431</td>\n",
       "      <td>-0.563565</td>\n",
       "      <td>-0.500165</td>\n",
       "      <td>0.367844</td>\n",
       "      <td>-0.394213</td>\n",
       "      <td>-0.787835</td>\n",
       "      <td>-0.695357</td>\n",
       "      <td>1.000000</td>\n",
       "      <td>-0.756405</td>\n",
       "      <td>-0.744743</td>\n",
       "      <td>-0.827354</td>\n",
       "      <td>0.682739</td>\n",
       "      <td>-0.825490</td>\n",
       "      <td>-0.415943</td>\n",
       "      <td>-0.339977</td>\n",
       "      <td>-0.789241</td>\n",
       "      <td>-0.596766</td>\n",
       "      <td>-0.800543</td>\n",
       "      <td>-0.232631</td>\n",
       "      <td>-0.783060</td>\n",
       "    </tr>\n",
       "    <tr>\n",
       "      <th>WMT</th>\n",
       "      <td>-0.184831</td>\n",
       "      <td>0.892731</td>\n",
       "      <td>0.637136</td>\n",
       "      <td>-0.582138</td>\n",
       "      <td>0.669250</td>\n",
       "      <td>0.969089</td>\n",
       "      <td>0.948299</td>\n",
       "      <td>-0.756405</td>\n",
       "      <td>1.000000</td>\n",
       "      <td>0.952123</td>\n",
       "      <td>0.536303</td>\n",
       "      <td>-0.751470</td>\n",
       "      <td>0.909100</td>\n",
       "      <td>0.523087</td>\n",
       "      <td>0.809140</td>\n",
       "      <td>0.879480</td>\n",
       "      <td>0.868998</td>\n",
       "      <td>0.945500</td>\n",
       "      <td>0.466328</td>\n",
       "      <td>0.967224</td>\n",
       "    </tr>\n",
       "    <tr>\n",
       "      <th>GS</th>\n",
       "      <td>-0.077190</td>\n",
       "      <td>0.873291</td>\n",
       "      <td>0.723737</td>\n",
       "      <td>-0.652507</td>\n",
       "      <td>0.734392</td>\n",
       "      <td>0.952945</td>\n",
       "      <td>0.915005</td>\n",
       "      <td>-0.744743</td>\n",
       "      <td>0.952123</td>\n",
       "      <td>1.000000</td>\n",
       "      <td>0.605943</td>\n",
       "      <td>-0.808240</td>\n",
       "      <td>0.881736</td>\n",
       "      <td>0.495904</td>\n",
       "      <td>0.785312</td>\n",
       "      <td>0.886931</td>\n",
       "      <td>0.817169</td>\n",
       "      <td>0.911002</td>\n",
       "      <td>0.428062</td>\n",
       "      <td>0.921858</td>\n",
       "    </tr>\n",
       "    <tr>\n",
       "      <th>XOM</th>\n",
       "      <td>0.237387</td>\n",
       "      <td>0.359241</td>\n",
       "      <td>0.481589</td>\n",
       "      <td>-0.275350</td>\n",
       "      <td>0.314198</td>\n",
       "      <td>0.630050</td>\n",
       "      <td>0.488401</td>\n",
       "      <td>-0.827354</td>\n",
       "      <td>0.536303</td>\n",
       "      <td>0.605943</td>\n",
       "      <td>1.000000</td>\n",
       "      <td>-0.646880</td>\n",
       "      <td>0.691979</td>\n",
       "      <td>0.345704</td>\n",
       "      <td>0.104403</td>\n",
       "      <td>0.676158</td>\n",
       "      <td>0.410165</td>\n",
       "      <td>0.585641</td>\n",
       "      <td>0.075909</td>\n",
       "      <td>0.590132</td>\n",
       "    </tr>\n",
       "    <tr>\n",
       "      <th>NKE</th>\n",
       "      <td>0.116737</td>\n",
       "      <td>-0.774469</td>\n",
       "      <td>-0.680566</td>\n",
       "      <td>0.560848</td>\n",
       "      <td>-0.582133</td>\n",
       "      <td>-0.785285</td>\n",
       "      <td>-0.665551</td>\n",
       "      <td>0.682739</td>\n",
       "      <td>-0.751470</td>\n",
       "      <td>-0.808240</td>\n",
       "      <td>-0.646880</td>\n",
       "      <td>1.000000</td>\n",
       "      <td>-0.749044</td>\n",
       "      <td>-0.511569</td>\n",
       "      <td>-0.550691</td>\n",
       "      <td>-0.786280</td>\n",
       "      <td>-0.699090</td>\n",
       "      <td>-0.728135</td>\n",
       "      <td>-0.113913</td>\n",
       "      <td>-0.771278</td>\n",
       "    </tr>\n",
       "    <tr>\n",
       "      <th>BRK-B</th>\n",
       "      <td>-0.232847</td>\n",
       "      <td>0.783968</td>\n",
       "      <td>0.483582</td>\n",
       "      <td>-0.460762</td>\n",
       "      <td>0.546457</td>\n",
       "      <td>0.918591</td>\n",
       "      <td>0.834168</td>\n",
       "      <td>-0.825490</td>\n",
       "      <td>0.909100</td>\n",
       "      <td>0.881736</td>\n",
       "      <td>0.691979</td>\n",
       "      <td>-0.749044</td>\n",
       "      <td>1.000000</td>\n",
       "      <td>0.439034</td>\n",
       "      <td>0.590063</td>\n",
       "      <td>0.838224</td>\n",
       "      <td>0.738910</td>\n",
       "      <td>0.883847</td>\n",
       "      <td>0.364867</td>\n",
       "      <td>0.929054</td>\n",
       "    </tr>\n",
       "    <tr>\n",
       "      <th>MSFT</th>\n",
       "      <td>0.356036</td>\n",
       "      <td>0.547637</td>\n",
       "      <td>0.741178</td>\n",
       "      <td>-0.038120</td>\n",
       "      <td>0.540764</td>\n",
       "      <td>0.643283</td>\n",
       "      <td>0.594863</td>\n",
       "      <td>-0.415943</td>\n",
       "      <td>0.523087</td>\n",
       "      <td>0.495904</td>\n",
       "      <td>0.345704</td>\n",
       "      <td>-0.511569</td>\n",
       "      <td>0.439034</td>\n",
       "      <td>1.000000</td>\n",
       "      <td>0.372364</td>\n",
       "      <td>0.692270</td>\n",
       "      <td>0.662198</td>\n",
       "      <td>0.517139</td>\n",
       "      <td>0.127123</td>\n",
       "      <td>0.562066</td>\n",
       "    </tr>\n",
       "    <tr>\n",
       "      <th>TSLA</th>\n",
       "      <td>-0.260484</td>\n",
       "      <td>0.768647</td>\n",
       "      <td>0.550620</td>\n",
       "      <td>-0.599796</td>\n",
       "      <td>0.579611</td>\n",
       "      <td>0.733106</td>\n",
       "      <td>0.829274</td>\n",
       "      <td>-0.339977</td>\n",
       "      <td>0.809140</td>\n",
       "      <td>0.785312</td>\n",
       "      <td>0.104403</td>\n",
       "      <td>-0.550691</td>\n",
       "      <td>0.590063</td>\n",
       "      <td>0.372364</td>\n",
       "      <td>1.000000</td>\n",
       "      <td>0.568854</td>\n",
       "      <td>0.760038</td>\n",
       "      <td>0.727412</td>\n",
       "      <td>0.649411</td>\n",
       "      <td>0.735066</td>\n",
       "    </tr>\n",
       "    <tr>\n",
       "      <th>NVDA</th>\n",
       "      <td>0.079641</td>\n",
       "      <td>0.824730</td>\n",
       "      <td>0.761208</td>\n",
       "      <td>-0.396099</td>\n",
       "      <td>0.715163</td>\n",
       "      <td>0.948897</td>\n",
       "      <td>0.852699</td>\n",
       "      <td>-0.789241</td>\n",
       "      <td>0.879480</td>\n",
       "      <td>0.886931</td>\n",
       "      <td>0.676158</td>\n",
       "      <td>-0.786280</td>\n",
       "      <td>0.838224</td>\n",
       "      <td>0.692270</td>\n",
       "      <td>0.568854</td>\n",
       "      <td>1.000000</td>\n",
       "      <td>0.842966</td>\n",
       "      <td>0.876157</td>\n",
       "      <td>0.223682</td>\n",
       "      <td>0.885975</td>\n",
       "    </tr>\n",
       "    <tr>\n",
       "      <th>AVGO</th>\n",
       "      <td>-0.085266</td>\n",
       "      <td>0.864921</td>\n",
       "      <td>0.742705</td>\n",
       "      <td>-0.456845</td>\n",
       "      <td>0.659253</td>\n",
       "      <td>0.887917</td>\n",
       "      <td>0.852665</td>\n",
       "      <td>-0.596766</td>\n",
       "      <td>0.868998</td>\n",
       "      <td>0.817169</td>\n",
       "      <td>0.410165</td>\n",
       "      <td>-0.699090</td>\n",
       "      <td>0.738910</td>\n",
       "      <td>0.662198</td>\n",
       "      <td>0.760038</td>\n",
       "      <td>0.842966</td>\n",
       "      <td>1.000000</td>\n",
       "      <td>0.810588</td>\n",
       "      <td>0.365800</td>\n",
       "      <td>0.874150</td>\n",
       "    </tr>\n",
       "    <tr>\n",
       "      <th>ORCL</th>\n",
       "      <td>-0.189793</td>\n",
       "      <td>0.839583</td>\n",
       "      <td>0.575334</td>\n",
       "      <td>-0.468669</td>\n",
       "      <td>0.590696</td>\n",
       "      <td>0.952865</td>\n",
       "      <td>0.897128</td>\n",
       "      <td>-0.800543</td>\n",
       "      <td>0.945500</td>\n",
       "      <td>0.911002</td>\n",
       "      <td>0.585641</td>\n",
       "      <td>-0.728135</td>\n",
       "      <td>0.883847</td>\n",
       "      <td>0.517139</td>\n",
       "      <td>0.727412</td>\n",
       "      <td>0.876157</td>\n",
       "      <td>0.810588</td>\n",
       "      <td>1.000000</td>\n",
       "      <td>0.470625</td>\n",
       "      <td>0.928888</td>\n",
       "    </tr>\n",
       "    <tr>\n",
       "      <th>CRM</th>\n",
       "      <td>-0.116020</td>\n",
       "      <td>0.211817</td>\n",
       "      <td>0.106039</td>\n",
       "      <td>-0.123944</td>\n",
       "      <td>0.096288</td>\n",
       "      <td>0.421422</td>\n",
       "      <td>0.614908</td>\n",
       "      <td>-0.232631</td>\n",
       "      <td>0.466328</td>\n",
       "      <td>0.428062</td>\n",
       "      <td>0.075909</td>\n",
       "      <td>-0.113913</td>\n",
       "      <td>0.364867</td>\n",
       "      <td>0.127123</td>\n",
       "      <td>0.649411</td>\n",
       "      <td>0.223682</td>\n",
       "      <td>0.365800</td>\n",
       "      <td>0.470625</td>\n",
       "      <td>1.000000</td>\n",
       "      <td>0.484331</td>\n",
       "    </tr>\n",
       "    <tr>\n",
       "      <th>SAP</th>\n",
       "      <td>-0.182368</td>\n",
       "      <td>0.855886</td>\n",
       "      <td>0.614327</td>\n",
       "      <td>-0.488007</td>\n",
       "      <td>0.614070</td>\n",
       "      <td>0.967889</td>\n",
       "      <td>0.928354</td>\n",
       "      <td>-0.783060</td>\n",
       "      <td>0.967224</td>\n",
       "      <td>0.921858</td>\n",
       "      <td>0.590132</td>\n",
       "      <td>-0.771278</td>\n",
       "      <td>0.929054</td>\n",
       "      <td>0.562066</td>\n",
       "      <td>0.735066</td>\n",
       "      <td>0.885975</td>\n",
       "      <td>0.874150</td>\n",
       "      <td>0.928888</td>\n",
       "      <td>0.484331</td>\n",
       "      <td>1.000000</td>\n",
       "    </tr>\n",
       "  </tbody>\n",
       "</table>\n",
       "</div>"
      ],
      "text/plain": [
       "            DPZ      AAPL      GOOG       AMD       GME       SPY      NFLX  \\\n",
       "DPZ    1.000000 -0.291115  0.377930  0.169055  0.119026 -0.068483 -0.024591   \n",
       "AAPL  -0.291115  1.000000  0.679749 -0.591108  0.735533  0.882970  0.798728   \n",
       "GOOG   0.377930  0.679749  1.000000 -0.495827  0.735746  0.709923  0.666146   \n",
       "AMD    0.169055 -0.591108 -0.495827  1.000000 -0.481440 -0.474852 -0.500737   \n",
       "GME    0.119026  0.735533  0.735746 -0.481440  1.000000  0.698166  0.658953   \n",
       "SPY   -0.068483  0.882970  0.709923 -0.474852  0.698166  1.000000  0.936828   \n",
       "NFLX  -0.024591  0.798728  0.666146 -0.500737  0.658953  0.936828  1.000000   \n",
       "BA    -0.044431 -0.563565 -0.500165  0.367844 -0.394213 -0.787835 -0.695357   \n",
       "WMT   -0.184831  0.892731  0.637136 -0.582138  0.669250  0.969089  0.948299   \n",
       "GS    -0.077190  0.873291  0.723737 -0.652507  0.734392  0.952945  0.915005   \n",
       "XOM    0.237387  0.359241  0.481589 -0.275350  0.314198  0.630050  0.488401   \n",
       "NKE    0.116737 -0.774469 -0.680566  0.560848 -0.582133 -0.785285 -0.665551   \n",
       "BRK-B -0.232847  0.783968  0.483582 -0.460762  0.546457  0.918591  0.834168   \n",
       "MSFT   0.356036  0.547637  0.741178 -0.038120  0.540764  0.643283  0.594863   \n",
       "TSLA  -0.260484  0.768647  0.550620 -0.599796  0.579611  0.733106  0.829274   \n",
       "NVDA   0.079641  0.824730  0.761208 -0.396099  0.715163  0.948897  0.852699   \n",
       "AVGO  -0.085266  0.864921  0.742705 -0.456845  0.659253  0.887917  0.852665   \n",
       "ORCL  -0.189793  0.839583  0.575334 -0.468669  0.590696  0.952865  0.897128   \n",
       "CRM   -0.116020  0.211817  0.106039 -0.123944  0.096288  0.421422  0.614908   \n",
       "SAP   -0.182368  0.855886  0.614327 -0.488007  0.614070  0.967889  0.928354   \n",
       "\n",
       "             BA       WMT        GS       XOM       NKE     BRK-B      MSFT  \\\n",
       "DPZ   -0.044431 -0.184831 -0.077190  0.237387  0.116737 -0.232847  0.356036   \n",
       "AAPL  -0.563565  0.892731  0.873291  0.359241 -0.774469  0.783968  0.547637   \n",
       "GOOG  -0.500165  0.637136  0.723737  0.481589 -0.680566  0.483582  0.741178   \n",
       "AMD    0.367844 -0.582138 -0.652507 -0.275350  0.560848 -0.460762 -0.038120   \n",
       "GME   -0.394213  0.669250  0.734392  0.314198 -0.582133  0.546457  0.540764   \n",
       "SPY   -0.787835  0.969089  0.952945  0.630050 -0.785285  0.918591  0.643283   \n",
       "NFLX  -0.695357  0.948299  0.915005  0.488401 -0.665551  0.834168  0.594863   \n",
       "BA     1.000000 -0.756405 -0.744743 -0.827354  0.682739 -0.825490 -0.415943   \n",
       "WMT   -0.756405  1.000000  0.952123  0.536303 -0.751470  0.909100  0.523087   \n",
       "GS    -0.744743  0.952123  1.000000  0.605943 -0.808240  0.881736  0.495904   \n",
       "XOM   -0.827354  0.536303  0.605943  1.000000 -0.646880  0.691979  0.345704   \n",
       "NKE    0.682739 -0.751470 -0.808240 -0.646880  1.000000 -0.749044 -0.511569   \n",
       "BRK-B -0.825490  0.909100  0.881736  0.691979 -0.749044  1.000000  0.439034   \n",
       "MSFT  -0.415943  0.523087  0.495904  0.345704 -0.511569  0.439034  1.000000   \n",
       "TSLA  -0.339977  0.809140  0.785312  0.104403 -0.550691  0.590063  0.372364   \n",
       "NVDA  -0.789241  0.879480  0.886931  0.676158 -0.786280  0.838224  0.692270   \n",
       "AVGO  -0.596766  0.868998  0.817169  0.410165 -0.699090  0.738910  0.662198   \n",
       "ORCL  -0.800543  0.945500  0.911002  0.585641 -0.728135  0.883847  0.517139   \n",
       "CRM   -0.232631  0.466328  0.428062  0.075909 -0.113913  0.364867  0.127123   \n",
       "SAP   -0.783060  0.967224  0.921858  0.590132 -0.771278  0.929054  0.562066   \n",
       "\n",
       "           TSLA      NVDA      AVGO      ORCL       CRM       SAP  \n",
       "DPZ   -0.260484  0.079641 -0.085266 -0.189793 -0.116020 -0.182368  \n",
       "AAPL   0.768647  0.824730  0.864921  0.839583  0.211817  0.855886  \n",
       "GOOG   0.550620  0.761208  0.742705  0.575334  0.106039  0.614327  \n",
       "AMD   -0.599796 -0.396099 -0.456845 -0.468669 -0.123944 -0.488007  \n",
       "GME    0.579611  0.715163  0.659253  0.590696  0.096288  0.614070  \n",
       "SPY    0.733106  0.948897  0.887917  0.952865  0.421422  0.967889  \n",
       "NFLX   0.829274  0.852699  0.852665  0.897128  0.614908  0.928354  \n",
       "BA    -0.339977 -0.789241 -0.596766 -0.800543 -0.232631 -0.783060  \n",
       "WMT    0.809140  0.879480  0.868998  0.945500  0.466328  0.967224  \n",
       "GS     0.785312  0.886931  0.817169  0.911002  0.428062  0.921858  \n",
       "XOM    0.104403  0.676158  0.410165  0.585641  0.075909  0.590132  \n",
       "NKE   -0.550691 -0.786280 -0.699090 -0.728135 -0.113913 -0.771278  \n",
       "BRK-B  0.590063  0.838224  0.738910  0.883847  0.364867  0.929054  \n",
       "MSFT   0.372364  0.692270  0.662198  0.517139  0.127123  0.562066  \n",
       "TSLA   1.000000  0.568854  0.760038  0.727412  0.649411  0.735066  \n",
       "NVDA   0.568854  1.000000  0.842966  0.876157  0.223682  0.885975  \n",
       "AVGO   0.760038  0.842966  1.000000  0.810588  0.365800  0.874150  \n",
       "ORCL   0.727412  0.876157  0.810588  1.000000  0.470625  0.928888  \n",
       "CRM    0.649411  0.223682  0.365800  0.470625  1.000000  0.484331  \n",
       "SAP    0.735066  0.885975  0.874150  0.928888  0.484331  1.000000  "
      ]
     },
     "metadata": {},
     "output_type": "display_data"
    }
   ],
   "source": [
    "corr_matrix = historical_data.corr() # Correlation Matrix between each company\n",
    "display(corr_matrix)"
   ]
  },
  {
   "cell_type": "code",
   "execution_count": 135,
   "metadata": {},
   "outputs": [
    {
     "data": {
      "text/plain": [
       "<Axes: >"
      ]
     },
     "execution_count": 135,
     "metadata": {},
     "output_type": "execute_result"
    },
    {
     "data": {
